matrk1m3.txt - (293, 48)
matrk2m1.txt - (293, 67)
matrk2m2.txt - (293, 111)
matrk2m3.txt - (293, 148)
matrk3m1.txt - (293, 143)
matrk3m2.txt - (293, 230)
matrk3m3.txt - (293, 296)

1 2.6 10
2 4.47 18
3 6.29 26
4 8.12 34
5 9.95 42
6 11.78 50
7 13.61 58
8 15.44 66
9 17.36 74
10 19.19 82
11 21.03 90
12 22.86 98
13 8.14 34
14 10.2 42
15 9.15 40
16 10.99 48
17 15.41 66
18 15.44 66
19 2.62 18
20 9.95 50
21 11.8 58
22 13.66 66
23 15.46 74
24 17.34 82
25 19.18 90
26 21 98
27 22.83 106
28 26.57 122
29 5.53 44
30 7.28 52
31 9.07 60
32 10.86 68
33 12.65 76
34 14.44 84
35 16.23 92
36 18.02 100
37 19.81 108
38 21.6 116
39 25.18 132
40 32.34 164
41 35.92 180
42 2.81 34
43 2.92 42
44 8.68 78
45 11.84 112
46 7.59 62
47 12.9 114
48 18.04 166
49 4.55 26
50 6.82 42
51 8.53 58
52 10.51 74
53 6.4 34
54 4.26 16
55 9.65 40
56 9.84 40
57 11.49 46
58 11.65 48
59 13.51 56
60 7.83 48
61 8.15 48
62 8.03 48
63 10.03 64
64 9.28 66
65 9.19 66
66 3.33 14
67 12.87 54
68 10.21 42
69 10.42 42
70 12.26 50
71 15.38 66
72 17.4 74
73 21.81 90
74 9.86 50
75 12.25 58
76 13.62 76
77 9.80 58
78 14.17 74
79 14.23 74
80 14.2 74
81 9.80 58
82 9.74 66
83 9.69 74
84 9.69 74
85 9.63 82
86 9.58 90
87 11.7 58
88 13.7 66
89 14.8 84
90 17.1 102
91 14.1 58
92 14.18 58
93 14.2 58
94 17.48 68
95 25.37 94
96 24.7 94
97 19.35 76
98 19.52 76
99 21.19 84
100 21.36 84
101 19.3 84
102 19.58 84
103 20.34 102
104 22.95 120
105 22.41 120
106 17.64 132
107 19.75 82
108 20.06 82
109 19.5 76
110 19.73 76
111 14.41 56
112 16.05 64
113 19.64 80
114 27.35 110
115 28.32 128
116 7.21 34
117 7.7 34
118 7.77 34
119 9.61 42
120 13.29 58
121 13.38 58
122 18.87 82
123 11.53 50
124 13.49 58
125 15.32 66
126 15.23 66
127 19.01 82
128 11.51 58
129 13.5 66
130 14.55 84
131 16.02 66
132 16.25 66
133 15.98 82
134 16.45 82
135 7.94 36
136 13.47 58
137 32.86 120
138 41.31 146
139 29.89 132
140 21.68 88
141 30.21 114
142 42.81 174
143 44.77 156
144 9.18 42
145 16.6 68
146 16.49 68
147 18.28 74
148 18.65 74
149 7 40
150 2.59 14
151 5.01 26
152 4.48 22
153 6.24 30
154 8.05 38
155 9.59 46
156 5.79 34
157 6.1 38
158 10.42 70
159 28.32 106
160 12.91 58
161 14.81 66
162 16.62 74
163 9.17 46
164 12.87 62
165 13.9 62
166 7.23 36
167 8.99 44
168 10.72 52
169 12.5 60
170 7.19 36
171 8.86 44
172 12.4 60
173 32.15 120
174 20.61 82
175 28.22 106
176 31.07 120
177 13.6 78
178 13.1 70
179 10.3 58
180 11.23 66
181 25.49 94
182 23.42 94
183 15.13 68
184 18.7 84
185 3.23 18
186 5.07 26
187 6.77 34
188 6.97 34
189 5.71 34
190 5.16 26
191 8.73 42
192 8.64 42
193 10.49 50
194 12.53 58
195 4.43 24
196 11.56 56
197 8.6 48
198 1.95 14
199 2.65 22
200 6.39 32
201 8.13 40
202 9.93 48
203 9.93 48
204 13.53 64
205 2.45 16
206 4.59 24
207 6.35 32
208 8.18 40
209 24.46 108
210 33.42 146
211 7.23 36
212 3.32 24
213 5.05 32
214 6.8 40
215 8.58 48
216 5.05 32
217 6.81 40
218 6.88 40
219 8.62 48
220 8.53 48
221 10.41 56
222 10.41 56
223 12.23 64
224 7.44 42
225 9.28 50
226 6.88 42
227 8.71 50
228 10.56 58
229 10.45 64
230 10.54 64
231 10.61 64
232 12.69 72
233 12.57 72
234 12.53 72
235 12.27 72
236 14.11 80
237 12.31 72
238 14.13 80
239 12.33 72
240 14.16 80
241 10.7 58
242 10.38 58
243 8.89 50
244 8.84 50
245 23.97 106
246 24.19 106
247 22.21 98
248 22.03 98
249 3.88 24
250 5.39 32
251 5.91 32
252 7.81 40
253 9.45 48
254 7.82 40
255 12.96 64
256 12.75 64
257 13.9 72
258 14.1 72
259 12.92 64
260 7.38 34
261 11 50
262 7.53 34
263 7.97 42
264 8.4 50
265 23.79 98
266 24.34 106
267 24.66 114
268 9 44
269 8.74 38
270 10.86 74
271 13.32 78
272 12.84 86
273 15.74 94
274 28.34 106
275 32.27 120
276 29.89 106
277 45.55 180
278 45.27 188
279 43.25 172
280 .79 2
281 .8 10
282 2.63 18
283 3.61 36
284 5.45 54
285 4.61 34
286 2.26 10
287 3.46 18
288 1.76 14
289 1.45 10
290 1.6 16
291 3.83 18
292 3.9 32
293 3 22
