matrk1m3.txt - (328, 44)
matrk2m1.txt - (328, 64)
matrk2m2.txt - (328, 103)
matrk2m3.txt - (328, 171)
matrk3m1.txt - (328, 217)
matrk3m2.txt - (328, 364)
matrk3m3.txt - (328, 544)

1 1.4 1.6 1.18
2 1.43 1.56 1.10
3 1.95 2.12 1.99
4 1.94 1.98 1.64
5 1.57 1.64 1.30
6 1.75 2.16 2.06
7 1.48 1.66 1.30
8 1.45 1.77 1.65
9 1.86 1.90 1.74
10 2.01 2.05 1.99
11 1.71 1.95 2.08
12 2.42 2.19 2.42
13 2.34 2.30 2.39
14 1.95 1.94 1.83
15 2.28 2.51 3.37
16 2.86 3.16 4.84
17 3.28 2.49 2.19
18 2.32 2.52 3.37
19 1.57 1.69 1.70
20 0.44 0.18 -0.63
21 0.20 0.44 -0.14
22 0.48 0.66 0.35
23 0.50 0.88 0.84
24 0.70 1.09 1.33
25 1.01 1.31 1.82
26 1.14 1.51 2.31
27 1.56 1.73 2.81
28 1.89 1.92 3.30
29 2.59 2.15 3.79
30 0.36 0.28 -0.78
31 1.50 1.67 1.49
32 2.34 2.39 2.71
33 2.31 2.39 3.57
34 1.90 1.98 2.93
35 1.54 1.59 2.29
36 1.83 1.68 2.37
37 1.76 1.83 2.83
38 2.01 2.21 3.18
39 1.68 1.73 2.49
40 2.17 2.21 3.74
41 2.40 2.88 3.98
42 1.46 1.33 0.74
43 1.45 1.15 -0.18
44 1.95 1.45 0.56
45 1.78 1.57 1.29
46 1.93 1.46 0.56
47 1.51 1.46 0.65
48 0.53 1.55 0.90
49 2.31 1.58 0.37
50 1.42 1.53 1.20
51 0.99 1.53 0.83
52 1.84 0.88 0.50
53 2.55 3.05 3.45
54 1.52 1.94 1.67
55 2.30 2.58 2.74
56 3.27 2.83 2.84
57 2.04 1.68 0.76
58 3.32 2.99 3.42
59 1.41 1.60 1.08
60 1.65 1.81 1.62
61 1.90 1.84 1.62
62 1.96 2.03 1.72
63 1.96 2.17 1.97
64 2.36 2.23 2.04
65 1.93 2.00 1.80
66 2.26 2.36 2.51
67 2.72 2.36 2.37
68 3.25 2.33 2.37
69 2.49 2.32 2.37
70 2.29 2.35 2.37
71 2.60 2.72 3.01
72 3.03 3.17 3.65
73 3.94 3.18 3.65
74 4.62 3.61 4.30
75 2.28 1.83 1.62
76 2.26 2.06 2.17
77 2.78 2.76 3.29
78 3.30 3.05 4.11
79 2.40 2.30 2.35
80 2.53 2.63 3.30
81 1.82 2.08 2.24
82 1.67 1.85 1.90
83 1.50 1.62 1.36
84 1.83 2.22 2.66
85 2.38 2.20 3.02
86 2.80 2.41 3.51
87 2.54 2.52 3.81
88 1.75 2.01 2.30
89 0.56 0.65 -0.78
90 0.42 0.75 -0.67
91 1.73 1.85 1.75
92 2.06 2.28 2.73
93 2.26 2.48 3.22
94 2.61 2.67 3.72
95 2.15 2.23 2.40
96 2.74 2.60 3.04
97 2.21 2.13 3.02
98 2.11 2.56 3.85
99 2.32 2.44 3.87
100 3.35 3.32 4.57
101 1.71 2.02 2.27
102 2.48 1.30 0.05
103 2.35 1.90 1.55
104 1.30 1.32 0.61
105 2.71 2.16 2.24
106 2.19 2.27 2.26
107 1.80 1.83 1.62
108 1.89 1.89 1.60
109 1.66 1.78 1.74
110 1.48 1.58 1.25
111 1.94 1.98 2.16
112 1.44 1.36 0.79
113 1.40 1.38 0.79
114 2.07 2.17 2.62
115 2.33 2.41 3.51
116 3.28 2.94 4.08
117 1.90 1.61 1.40
118 1.71 2.19 2.86
119 1.92 2.14 2.91
120 3.27 2.91 3.90
121 2.56 2.76 2.25
122 3.93 4.00 5.31
123 3.99 4.02 5.31
124 3.61 3.40 3.78
125 2.92 2.86 2.92
126 3.40 2.79 2.73
127 3.94 3.51 4.42
128 4.01 4.17 5.62
129 3.63 3.36 3.96
130 3.55 3.99 5.07
131 3.98 3.63 5.15
132 2.55 2.11 1.29
133 1.84 2.19 2.65
134 3.14 2.96 4.46
135 3.14 2.98 4.61
136 4.72 3.79 6.57
137 3.21 3.39 4.84
138 2.10 1.79 1.83
139 2.30 1.99 2.32
140 3.16 2.58 3.04
141 2.48 2.12 2.14
142 1.89 2.05 2.57
143 2.61 1.87 3.32
144 3.02 2.11 3.81
145 3.30 2.92 3.29
146 4.94 4.57 8.39
147 2.21 2.16 2.49
148 2.06 1.66 2.83
149 1.60 1.73 1.66
150 1.97 1.46 2.34
151 2.74 2.18 1.95
152 2.59 2.23 2.87
153 2.74 2.39 2.60
154 2.53 2.49 2.89
155 3.74 4.01 6.76
156 4.80 4.56 7.43
157 2.09 3.05 3.67
158 2.20 2.07 1.81
159 1.73 1.97 1.47
160 2.53 2.82 3.10
161 1.88 1.95 1.47
162 2.42 2.58 2.70
163 2.60 2.94 3.35
164 4.23 3.63 4.39
165 4.36 4.01 5.03
166 0.40 1.63 1.68
167 1.80 2.78 3.36
168 3.28 3.03 3.68
169 1.99 2.86 3.26
170 1.73 2.23 2.52
171 1.66 2.37 2.62
172 1.48 2.15 1.90
173 2.74 3.31 4.23
174 1.50 2.15 2.14
175 1.30 2.11 1.36
176 1.52 2.30 2.08
177 1.37 1.75 1.33
178 1.43 2.59 2.53
179 1.43 1.79 1.39
180 1.54 2.00 1.69
181 1.77 2.14 2.42
182 1.53 2.03 1.51
183 2.30 2.49 2.78
184 0.00 0.59 0.09
185 1.50 1.90 1.87
186 1.46 1.40 2.05
187 1.07 1.63 1.07
188 1.45 1.68 1.43
189 1.43 1.79 1.51
190 2.65 2.50 2.80
191 2.75 2.51 2.80
192 3.02 2.97 3.45
193 3.36 2.98 3.45
194 3.56 2.93 3.45
195 3.35 3.38 4.09
196 3.73 3.81 4.74
197 2.41 2.35 2.40
198 2.37 2.03 1.91
199 2.54 2.18 2.16
200 3.09 2.51 2.80
201 2.83 2.24 2.61
202 3.61 2.47 3.15
203 2.70 2.03 2.06
204 1.56 1.73 1.34
205 1.50 1.77 1.59
206 0.98 1.59 1.03
207 2.80 2.90 3.27
208 2.85 3.32 3.92
209 2.03 1.64 1.03
210 3.26 2.79 3.66
211 2.31 1.99 2.83
212 1.56 1.63 1.25
213 1.50 1.42 0.71
214 1.40 1.67 1.38
215 1.61 1.82 1.35
216 1.95 2.03 2.03
217 1.73 1.75 1.58
218 2.40 2.43 2.67
219 2.70 2.53 2.91
220 1.43 1.79 1.58
221 3.40 3.06 4.15
222 1.79 2.04 2.03
223 1.32 1.54 0.91
224 1.52 1.53 0.91
225 1.77 1.50 0.91
226 2.07 2.55 3.44
227 1.29 1.59 1.17
228 2.10 2.12 2.26
229 2.06 1.99 1.60
230 2.01 1.79 1.35
231 3.55 3.01 4.08
232 2.31 2.72 3.86
233 2.00 2.31 2.35
234 2.53 2.21 2.00
235 2.12 1.92 1.60
236 2.10 2.34 2.51
237 2.46 2.35 2.46
238 1.51 1.91 1.93
239 1.40 1.74 1.46
240 1.98 2.05 1.67
241 1.74 1.97 1.97
242 2.70 2.65 3.15
243 2.02 2.26 2.58
244 2.37 2.73 3.93
245 1.72 2.07 2.11
246 1.84 1.97 1.90
247 2.10 2.17 2.36
248 2.00 1.80 1.43
249 1.72 1.68 1.46
250 1.83 1.93 1.78
251 3.83 3.07 3.59
252 1.73 2.09 2.48
253 2.47 1.60 1.51
254 2.19 2.34 2.26
255 1.62 2.19 2.00
256 1.75 1.76 1.45
257 2.37 2.18 2.14
258 1.93 2.36 2.95
259 1.93 1.96 1.82
260 2.53 2.63 3.37
261 2.56 2.51 2.76
262 2.28 2.56 2.53
263 4.67 3.72 4.21
264 2.47 3.09 4.15
265 3.70 3.53 4.66
266 3.52 3.11 3.68
267 2.00 1.94 1.89
268 2.75 2.78 3.86
269 1.67 1.43 0.60
270 1.20 1.48 0.28
271 3.22 3.27 3.86
272 3.44 3.24 4.02
273 3.12 3.38 4.47
274 4.06 3.63 4.75
275 1.80 2.67 3.14
276 2.51 2.75 3.29
277 1.64 1.73 1.26
278 1.57 1.75 1.13
279 2.63 2.77 3.30
280 2.52 2.54 2.35
281 3.18 3.51 4.51
282 2.17 2.46 2.48
283 2.40 2.80 3.57
284 2.01 2.68 3.26
285 4.50 4.40 6.34
286 3.07 2.36 2.29
287 1.53 2.05 1.58
288 2.30 0.79 -0.24
289 3.20 3.00 3.73
290 3.00 2.58 2.75
291 2.70 3.07 3.37
292 3.44 3.10 4.23
293 3.03 3.53 4.82
294 2.82 3.44 4.24
295 2.18 2.48 2.21
296 2.18 2.43 2.10
297 1.90 1.19 -0.28
298 1.49 1.87 1.11
299 2.63 3.39 4.29
300 1.66 0.44 -1.10
301 2.10 2.21 2.40
302 2.40 2.56 3.24
303 2.59 2.62 3.32
304 2.85 2.81 3.77
305 2.60 2.55 3.57
306 2.24 2.39 2.82
307 2.91 2.83 3.86
308 2.76 2.64 3.44
309 3.07 2.97 4.22
310 2.32 2.61 3.27
311 2.85 2.80 3.73
312 1.71 1.81 1.49
313 2.28 1.80 2.51
314 2.78 2.56 3.64
315 2.17 1.91 1.44
316 1.25 0.79 -0.47
317 3.24 2.23 2.00
318 3.73 3.00 4.10
319 3.09 2.50 2.48
320 2.71 2.34 2.94
321 3.39 3.00 4.13
322 1.69 1.65 1.49
323 2.33 2.48 2.78
324 2.16 2.55 3.51
325 1.98 2.13 2.14
326 1.87 1.81 1.69
327 1.80 1.75 1.57
328 3.51 3.39 4.81
