matrk1m3.txt - (54, 29)
matrk2m1.txt - (54, 32)
matrk2m2.txt - (54, 43)
matrk2m3.txt - (54, 51)
matrk3m1.txt - (54, 67)
matrk3m2.txt - (54, 84)
matrk3m3.txt - (54, 99)

1 .1 3.61
2 .2 3.3
3 .2 3.28
4 .25 3.19
5 .25 3.18
6 .5 2.94
7 .5 2.9
8 .5 2.86
9 1 2.59
10 1 2.58
11 2 2.27
12 2 2.27
13 2 2.27
14 2 2.26
15 2 2.26
16 2 2.25
17 2 2.23
18 3.8 2.11
19 3.8 1.98
20 3.8 1.98
21 4 1.97
22 4 1.96
23 4 1.81
24 7.5 1.77
25 7.5 1.77
26 8 1.71
27 7.5 1.71
28 8 1.71
29 7.5 1.7
30 7.5 1.69
31 8 1.64
32 15 1.51
33 15 1.39
34 15 1.38
35 15 1.35
36 15 1.26
37 15 1.2
38 30 1.13
39 30 1.09
40 30 1.04
41 30 1.01
42 30 .93
43 30 .86
44 30 .85
45 60 .74
46 125 .48
47 125 .25
48 250 .06
49 250 -.03
50 500 -.25
51 500 -.27
52 500 -.3
53 500 -.42
54 1000 -.55
